43,1024,5,13
43,1024,5,45
43,1024,5,53
43,1024,5,61
43,1024,5,85
43,1024,5,93
43,1024,5,101
43,1024,5,109
43,1024,5,117
43,1024,5,125
43,1024,5,141
43,1024,5,157
43,1024,5,173
43,1024,5,181
43,1024,5,189
43,1024,5,205
43,1024,5,213
43,1024,5,221
43,1024,5,229
43,1024,5,237
43,1024,5,245
43,1024,5,253
43,1024,5,261
43,1024,5,285
43,1024,5,301
43,1024,5,309
43,1024,5,317
43,1024,5,333
43,1024,5,349
43,1024,5,357
43,1024,5,373
43,1024,5,381
43,1024,5,389
43,1024,5,397
43,1024,5,405
43,1024,5,413
43,1024,5,421
43,1024,5,453
43,1024,5,461
43,1024,5,477
43,1024,5,485
43,1024,5,525
43,1024,5,541
43,1024,5,549
43,1024,5,557
43,1024,5,565
43,1024,5,597
43,1024,5,605
43,1024,5,621
43,1024,5,629
43,1024,5,637
43,1024,5,653
43,1024,5,661
43,1024,5,669
43,1024,5,685
43,1024,5,693
43,1024,5,701
43,1024,5,709
43,1024,5,717
43,1024,5,725
43,1024,5,733
43,1024,5,741
43,1024,5,749
43,1024,5,757
43,1024,5,765
43,1024,5,773
43,1024,5,789
43,1024,5,805
43,1024,5,821
43,1024,5,829
43,1024,5,845
43,1024,5,861
43,1024,5,869
43,1024,5,885
43,1024,5,901
43,1024,5,909
43,1024,5,917
43,1024,5,933
43,1024,5,973
43,1024,5,989
43,1024,5,997
43,1024,5,1021
43,1024,13,21
43,1024,13,53
43,1024,13,61
43,1024,13,85
43,1024,13,101
43,1024,13,109
43,1024,13,117
43,1024,13,141
43,1024,13,149
43,1024,13,157
43,1024,13,165
43,1024,13,173
43,1024,13,181
43,1024,13,197
43,1024,13,213
43,1024,13,237
43,1024,13,245
43,1024,13,253
43,1024,13,277
43,1024,13,285
43,1024,13,317
43,1024,13,333
43,1024,13,341
43,1024,13,357
43,1024,13,365
43,1024,13,381
43,1024,13,389
43,1024,13,397
43,1024,13,405
43,1024,13,437
43,1024,13,445
43,1024,13,453
43,1024,13,461
43,1024,13,477
43,1024,13,485
43,1024,13,493
43,1024,13,517
43,1024,13,525
43,1024,13,541
43,1024,13,549
43,1024,13,573
43,1024,13,589
43,1024,13,597
43,1024,13,613
43,1024,13,621
43,1024,13,629
43,1024,13,637
43,1024,13,645
43,1024,13,653
43,1024,13,669
43,1024,13,685
43,1024,13,693
43,1024,13,709
43,1024,13,717
43,1024,13,733
43,1024,13,741
43,1024,13,757
43,1024,13,765
43,1024,13,781
43,1024,13,789
43,1024,13,797
43,1024,13,805
43,1024,13,813
43,1024,13,829
43,1024,13,837
43,1024,13,845
43,1024,13,869
43,1024,13,877
43,1024,13,901
43,1024,13,917
43,1024,13,933
43,1024,13,949
43,1024,13,957
43,1024,13,965
43,1024,13,973
43,1024,13,997
43,1024,13,1005
43,1024,13,1013
43,1024,13,1021
43,1024,17,5
43,1024,17,13
43,1024,17,29
43,1024,17,37
43,1024,17,45
43,1024,17,53
43,1024,17,61
43,1024,17,69
43,1024,17,77
43,1024,17,85
43,1024,17,93
43,1024,17,109
43,1024,17,117
43,1024,17,133
43,1024,17,149
43,1024,17,157
43,1024,17,165
43,1024,17,173
43,1024,17,181
43,1024,17,189
43,1024,17,205
43,1024,17,221
43,1024,17,229
43,1024,17,237
43,1024,17,245
43,1024,17,261
43,1024,17,269
43,1024,17,277
43,1024,17,285
43,1024,17,301
43,1024,17,309
43,1024,17,317
43,1024,17,325
43,1024,17,333
43,1024,17,341
43,1024,17,349
43,1024,17,357
43,1024,17,365
43,1024,17,381
43,1024,17,389
43,1024,17,405
43,1024,17,413
43,1024,17,421
43,1024,17,429
43,1024,17,437
43,1024,17,445
43,1024,17,453
43,1024,17,461
43,1024,17,469
43,1024,17,477
43,1024,17,485
43,1024,17,493
43,1024,17,501
43,1024,17,509
43,1024,17,517
43,1024,17,525
43,1024,17,533
43,1024,17,541
43,1024,17,549
43,1024,17,557
43,1024,17,565
43,1024,17,573
43,1024,17,581
43,1024,17,589
43,1024,17,597
43,1024,17,605
43,1024,17,613
43,1024,17,637
43,1024,17,645
43,1024,17,653
43,1024,17,661
43,1024,17,669
43,1024,17,677
43,1024,17,685
43,1024,17,693
43,1024,17,701
43,1024,17,725
43,1024,17,733
43,1024,17,749
43,1024,17,773
43,1024,17,789
43,1024,17,797
43,1024,17,805
43,1024,17,821
43,1024,17,829
43,1024,17,837
43,1024,17,845
43,1024,17,853
43,1024,17,861
43,1024,17,877
43,1024,17,893
43,1024,17,901
43,1024,17,909
43,1024,17,917
43,1024,17,933
43,1024,17,949
43,1024,17,957
43,1024,17,965
43,1024,17,973
43,1024,17,981
43,1024,17,997
43,1024,17,1005
43,1024,17,1013
43,1024,17,1021
43,1024,29,13
43,1024,29,29
43,1024,29,37
43,1024,29,53
43,1024,29,69
43,1024,29,77
43,1024,29,85
43,1024,29,93
43,1024,29,101
43,1024,29,109
43,1024,29,125
43,1024,29,133
43,1024,29,149
43,1024,29,157
43,1024,29,173
43,1024,29,181
43,1024,29,197
43,1024,29,221
43,1024,29,229
43,1024,29,269
43,1024,29,277
43,1024,29,285
43,1024,29,301
43,1024,29,309
43,1024,29,325
43,1024,29,333
43,1024,29,341
43,1024,29,349
43,1024,29,365
43,1024,29,373
43,1024,29,389
43,1024,29,397
43,1024,29,405
43,1024,29,413
43,1024,29,421
43,1024,29,429
43,1024,29,437
43,1024,29,445
43,1024,29,461
43,1024,29,469
43,1024,29,477
43,1024,29,485
43,1024,29,501
43,1024,29,509
43,1024,29,517
43,1024,29,525
43,1024,29,533
43,1024,29,541
43,1024,29,549
43,1024,29,557
43,1024,29,565
43,1024,29,573
43,1024,29,581
43,1024,29,597
43,1024,29,605
43,1024,29,613
43,1024,29,621
43,1024,29,629
43,1024,29,637
43,1024,29,645
43,1024,29,661
43,1024,29,669
43,1024,29,677
43,1024,29,685
43,1024,29,693
43,1024,29,709
43,1024,29,717
43,1024,29,725
43,1024,29,733
43,1024,29,749
43,1024,29,757
43,1024,29,781
43,1024,29,797
43,1024,29,805
43,1024,29,821
43,1024,29,829
43,1024,29,837
43,1024,29,845
43,1024,29,869
43,1024,29,885
43,1024,29,893
43,1024,29,933
43,1024,29,941
43,1024,29,957
43,1024,29,973
43,1024,29,981
43,1024,29,989
43,1024,29,997
43,1024,29,1013
43,1024,29,1021
43,1024,37,5
43,1024,37,13
43,1024,37,21
43,1024,37,29
43,1024,37,37
43,1024,37,45
43,1024,37,61
43,1024,37,85
43,1024,37,101
43,1024,37,109
43,1024,37,117
43,1024,37,125
43,1024,37,149
43,1024,37,157
43,1024,37,181
43,1024,37,189
43,1024,37,197
43,1024,37,205
43,1024,37,213
43,1024,37,229
43,1024,37,237
43,1024,37,253
43,1024,37,261
43,1024,37,277
43,1024,37,301
43,1024,37,309
43,1024,37,317
43,1024,37,357
43,1024,37,365
43,1024,37,373
43,1024,37,381
43,1024,37,405
43,1024,37,413
43,1024,37,421
43,1024,37,429
43,1024,37,445
43,1024,37,461
43,1024,37,469
43,1024,37,477
43,1024,37,485
43,1024,37,493
43,1024,37,509
43,1024,37,525
43,1024,37,533
43,1024,37,549
43,1024,37,557
43,1024,37,565
43,1024,37,573
43,1024,37,605
43,1024,37,613
43,1024,37,621
43,1024,37,629
43,1024,37,637
43,1024,37,645
43,1024,37,653
43,1024,37,661
43,1024,37,669
43,1024,37,733
43,1024,37,749
43,1024,37,757
43,1024,37,781
43,1024,37,797
43,1024,37,821
43,1024,37,829
43,1024,37,837
43,1024,37,845
43,1024,37,861
43,1024,37,869
43,1024,37,893
43,1024,37,909
43,1024,37,925
43,1024,37,933
43,1024,37,941
43,1024,37,957
43,1024,37,973
43,1024,37,989
43,1024,37,997
43,1024,37,1005
43,1024,37,1013
43,1024,37,1021
43,1024,41,21
43,1024,41,45
43,1024,41,61
43,1024,41,77
43,1024,41,85
43,1024,41,117
43,1024,41,125
43,1024,41,133
43,1024,41,141
43,1024,41,149
43,1024,41,157
43,1024,41,173
43,1024,41,181
43,1024,41,189
43,1024,41,197
43,1024,41,205
43,1024,41,213
43,1024,41,221
43,1024,41,229
43,1024,41,237
43,1024,41,253
43,1024,41,261
43,1024,41,269
43,1024,41,277
43,1024,41,285
43,1024,41,293
43,1024,41,309
43,1024,41,317
43,1024,41,325
43,1024,41,333
43,1024,41,349
43,1024,41,357
43,1024,41,365
43,1024,41,381
43,1024,41,405
43,1024,41,413
43,1024,41,421
43,1024,41,429
43,1024,41,437
43,1024,41,445
43,1024,41,453
43,1024,41,461
43,1024,41,477
43,1024,41,493
43,1024,41,501
43,1024,41,509
43,1024,41,525
43,1024,41,533
43,1024,41,541
43,1024,41,557
43,1024,41,565
43,1024,41,573
43,1024,41,597
43,1024,41,621
43,1024,41,629
43,1024,41,637
43,1024,41,645
43,1024,41,653
43,1024,41,669
43,1024,41,685
43,1024,41,693
43,1024,41,709
43,1024,41,717
43,1024,41,725
43,1024,41,733
43,1024,41,741
43,1024,41,757
43,1024,41,765
43,1024,41,773
43,1024,41,813
43,1024,41,829
43,1024,41,837
43,1024,41,845
43,1024,41,869
43,1024,41,877
43,1024,41,885
43,1024,41,893
43,1024,41,901
43,1024,41,917
43,1024,41,925
43,1024,41,933
43,1024,41,949
43,1024,41,957
43,1024,41,965
43,1024,41,973
43,1024,41,981
43,1024,41,989
43,1024,41,997
43,1024,41,1005
43,1024,41,1013
43,1024,41,1021
43,1024,53,5
43,1024,53,13
43,1024,53,29
43,1024,53,37
43,1024,53,45
43,1024,53,53
43,1024,53,61
43,1024,53,77
43,1024,53,101
43,1024,53,109
43,1024,53,117
43,1024,53,133
43,1024,53,149
43,1024,53,157
43,1024,53,165
43,1024,53,181
43,1024,53,189
43,1024,53,197
43,1024,53,213
43,1024,53,221
43,1024,53,237
43,1024,53,245
43,1024,53,269
43,1024,53,285
43,1024,53,293
43,1024,53,301
43,1024,53,325
43,1024,53,333
43,1024,53,341
43,1024,53,357
43,1024,53,365
43,1024,53,373
43,1024,53,381
43,1024,53,389
43,1024,53,397
43,1024,53,405
43,1024,53,429
43,1024,53,437
43,1024,53,445
43,1024,53,453
43,1024,53,461
43,1024,53,477
43,1024,53,485
43,1024,53,493
43,1024,53,501
43,1024,53,517
43,1024,53,525
43,1024,53,533
43,1024,53,557
43,1024,53,565
43,1024,53,573
43,1024,53,605
43,1024,53,621
43,1024,53,629
43,1024,53,637
43,1024,53,645
43,1024,53,653
43,1024,53,661
43,1024,53,685
43,1024,53,693
43,1024,53,725
43,1024,53,741
43,1024,53,749
43,1024,53,765
43,1024,53,773
43,1024,53,789
43,1024,53,797
43,1024,53,805
43,1024,53,813
43,1024,53,837
43,1024,53,845
43,1024,53,853
43,1024,53,861
43,1024,53,869
43,1024,53,877
43,1024,53,885
43,1024,53,893
43,1024,53,909
43,1024,53,917
43,1024,53,925
43,1024,53,933
43,1024,53,941
43,1024,53,949
43,1024,53,957
43,1024,53,965
43,1024,53,989
43,1024,53,997
43,1024,53,1005
43,1024,53,1013
43,1024,61,5
43,1024,61,13
43,1024,61,29
43,1024,61,37
43,1024,61,53
43,1024,61,77
43,1024,61,85
43,1024,61,125
43,1024,61,133
43,1024,61,141
43,1024,61,149
43,1024,61,165
43,1024,61,173
43,1024,61,189
43,1024,61,197
43,1024,61,221
43,1024,61,229
43,1024,61,237
43,1024,61,245
43,1024,61,261
43,1024,61,269
43,1024,61,277
43,1024,61,301
43,1024,61,309
43,1024,61,317
43,1024,61,333
43,1024,61,341
43,1024,61,349
43,1024,61,357
43,1024,61,389
43,1024,61,397
43,1024,61,405
43,1024,61,429
43,1024,61,437
43,1024,61,445
43,1024,61,469
43,1024,61,501
43,1024,61,509
43,1024,61,525
43,1024,61,549
43,1024,61,565
43,1024,61,573
43,1024,61,581
43,1024,61,589
43,1024,61,597
43,1024,61,605
43,1024,61,613
43,1024,61,621
43,1024,61,629
43,1024,61,645
43,1024,61,653
43,1024,61,669
43,1024,61,677
43,1024,61,685
43,1024,61,717
43,1024,61,733
43,1024,61,741
43,1024,61,749
43,1024,61,757
43,1024,61,765
43,1024,61,773
43,1024,61,781
43,1024,61,789
43,1024,61,813
